
real_setpiont=[1,5,0,0,0,0,0,0,0,0,0,0,0,0,0,0,11998
1,21,-1583,4993,4382,-2302,-89,-67,621,-7,-1,38,0,0,0,0,11998
1,37,-923,4830,4299,-1548,29,21,-96,-5,0,48,0,0,0,0,11998
1,55,-1328,4707,4093,-2050,22,-76,508,-1,-3,93,0,0,0,0,11997
1,73,-2474,4663,3907,-3364,35,-205,1735,2,-12,245,0,0,0,0,11997
1,88,-2442,4583,3833,-3326,35,-205,1735,6,-20,372,0,0,0,0,11997
1,106,-754,4444,3877,-1422,23,-14,18,8,-23,409,0,0,0,0,11996
1,124,-1266,3957,3290,-2051,30,12,948,10,-12,474,0,0,0,0,11996
1,139,-752,4351,3695,-1524,-26,-9,105,7,-11,485,0,0,0,0,11996
1,157,-1044,4130,3387,-1918,36,-17,607,7,-10,521,0,0,0,0,11996
1,175,-1219,4169,3344,-2190,28,-63,794,9,-12,585,0,0,0,0,11995
1,190,-806,4339,3513,-1778,50,4,242,13,-11,604,0,0,0,0,11995
1,208,-1224,3723,2809,-2300,3,-31,1187,12,-7,677,0,0,0,0,11995
1,226,-655,4836,3680,-2015,100,-24,-72,21,-13,676,0,0,0,0,11994
1,241,-617,4444,3358,-1896,59,-2,157,24,-15,681,0,0,0,0,11994
1,260,-669,4378,3274,-1968,-48,-39,252,18,-19,699,0,0,0,0,11994
1,278,-771,4319,3180,-2111,46,51,408,18,-11,735,0,0,0,0,11993
1,293,-806,4546,3414,-2138,-99,6,-346,7,-15,720,0,0,0,0,11993
1,311,-856,4401,3240,-2222,89,23,420,10,-13,741,0,0,0,0,11993
1,326,-813,3965,2959,-1997,-34,-25,-676,7,-22,710,0,0,0,0,11992
1,344,-602,4053,3115,-1705,-23,22,-335,2,-27,682,3,-2,3,3,11992
1,368,-513,4158,3239,-1594,-29,17,-128,-2,-26,686,5,6,11,-4,11992
1,392,-593,4450,3479,-1735,-35,-67,-16,-4,-28,692,5,6,11,-4,11991
1,407,-651,4025,3184,-1641,32,-18,-274,-2,-35,693,6,42,26,-3,11991
1,425,-1072,3661,2714,-2186,-29,-34,955,-4,-36,764,5,65,38,2,11991
1,440,-1415,3583,2405,-2801,48,56,1558,-1,-23,880,7,76,50,6,11991
1,458,-1313,3958,2566,-2951,34,-106,1366,1,-26,993,8,90,57,3,11990
1,476,-1664,3515,1800,-3683,87,-72,2636,7,-26,1156,10,104,67,-4,11990
1,495,-968,4479,2270,-3567,138,-81,3622,19,-15,1397,8,109,76,-10,11990
1,513,-895,6173,3256,-4327,-74,-363,649,6,-70,1392,10,118,84,-13,11990
1,531,-330,3965,1647,-3057,45,-55,3755,4,-62,1582,11,133,97,-21,11989
1,549,-232,5628,2202,-4264,-14,-290,902,-1,-101,1573,10,138,101,-25,11989
1,567,-454,5018,1387,-4727,-11,-272,3215,-7,-120,1695,13,156,111,-35,11989
1,585,-480,4826,948,-5044,-143,-243,2210,-28,-141,1754,16,169,120,-46,11989
1,603,-491,4756,965,-4953,-143,-243,2210,-48,-161,1786,21,182,126,-58,11988
1,621,42,5865,1377,-5238,0,-391,1507,-50,-203,1756,23,190,134,-74,11988
1,639,-294,6021,730,-6521,-345,-362,2508,-88,-231,1791,25,203,142,-90,11988
1,657,1074,9077,1605,-7718,-334,-758,877,-126,-315,1705,28,221,147,-110,11987
1,676,1151,5367,890,-4116,-212,-239,868,-145,-335,1619,36,246,152,-133,11987
1,694,1118,5317,916,-4059,-212,-239,868,-162,-342,1550,39,281,155,-153,11987
1,709,977,8172,865,-7622,-511,-600,1540,-202,-379,1535,39,293,146,-164,11987
1,727,1810,6911,889,-5275,-348,-428,-628,-237,-423,1402,43,306,136,-180,11987
1,745,2095,8365,1009,-6560,-528,-555,-501,-278,-470,1238,56,323,124,-205,11986
1,763,2069,8196,1019,-6376,-528,-555,-501,-321,-512,1105,58,325,121,-208,11986
1,781,1974,8017,793,-6526,-550,-555,679,-360,-536,1064,81,350,106,-232,11986
1,799,1508,8075,-480,-8561,-690,-638,2647,-409,-546,1179,99,374,100,-248,11986
1,817,2214,7651,117,-6651,-596,-527,1034,-450,-554,1232,109,384,99,-259,11985
1,835,2407,6521,-501,-5856,-480,-468,1250,-471,-555,1249,119,403,96,-272,11985
1,853,2345,6472,-448,-5799,-480,-468,1250,-488,-554,1268,137,426,89,-286,11985
1,871,5143,11985,-743,-10445,-1149,-880,5191,-562,-564,1514,150,437,81,-298,11985
1,886,4082,9557,-775,-8077,-883,-659,332,-620,-589,1569,163,447,75,-312,11984
1,910,3484,8735,-2090,-9255,-927,-668,2029,-646,-600,1568,185,468,57,-330,11984
1,929,4599,8810,-2097,-8236,-945,-588,993,-702,-614,1538,200,484,42,-351,11984
1,947,5168,8573,-2908,-8342,-947,-641,3844,-752,-606,1707,218,503,19,-366,11984
1,965,7060,11163,-4409,-11265,-1374,-819,3810,-843,-617,1884,247,525,-18,-392,11984
1,983,5452,7747,-3581,-7879,-1031,-476,1369,-895,-614,1860,273,551,-49,-422,11983
1,995,5980,8206,-5097,-9675,-1177,-636,2593,-929,-613,1859,285,572,-71,-435,11983
1,1022,9508,11549,-7439,-11983,-2952,-1308,3151,-1048,-646,1902,285,572,-71,-435,11983
1,1040,6156,5894,-4362,-5914,-2134,-953,3857,-1225,-681,2028,323,624,-154,-472,11983
1,1052,7837,7783,-6101,-8501,-1356,-436,1513,-1283,-678,2041,342,622,-198,-480,11982
1,1078,9083,9164,-5690,-8396,-1459,-492,169,-1307,-666,1947,378,621,-261,-494,11982
1,1097,8505,8310,-5820,-8122,-1359,-598,712,-1342,-662,1807,404,621,-303,-505,11982
1,1109,10429,10170,-8906,-11982,-1938,-507,2146,-1389,-647,1775,421,627,-338,-514,11982
1,1135,7405,6045,-5842,-6584,-1182,-477,1421,-1423,-625,1765,456,648,-398,-546,11982
1,1154,7939,6482,-5535,-6202,-2491,-823,703,-1569,-643,1661,470,654,-430,-558,11982
1,1166,8409,5792,-7499,-7231,-1404,-387,2023,-1622,-631,1636,485,654,-451,-561,11981
1,1193,11121,8355,-8111,-8257,-1739,-432,452,-1638,-602,1605,510,659,-477,-574,11981
1,1211,8752,5641,-7437,-6638,-1428,-311,1618,-1651,-549,1586,526,666,-490,-582,11981
1,1223,7511,4195,-6789,-5415,-2503,-560,1947,-1704,-527,1591,535,668,-507,-586,11981
1,1250,11275,6761,-9051,-7332,-1752,-267,950,-1763,-507,1574,535,668,-507,-586,11981
1,1268,11863,7655,-9187,-7957,-1892,-226,-788,-1808,-476,1385,576,653,-553,-594,11980
1,1280,10484,6146,-8438,-6679,-1677,-235,1041,-1827,-449,1314,587,653,-569,-599,11980
1,1307,10234,5589,-8994,-6928,-2985,-439,1719,-1896,-426,1323,610,658,-585,-599,11980
1,1325,11532,6124,-10211,-7691,-1926,-91,1731,-1951,-363,1365,632,656,-609,-606,11980
1,1346,11285,6262,-8254,-5798,-1751,-204,113,-1964,-323,1285,658,652,-636,-608,11980
1,1365,6406,2729,-4446,-2037,-2315,-253,533,-2031,-302,1221,672,651,-652,-607,11979
1,1383,11096,5384,-9631,-6574,-1849,20,1453,-2047,-242,1245,679,654,-655,-605,11979
1,1395,5137,1375,-3921,-1095,-2156,-189,1008,-2064,-216,1252,681,654,-653,-604,11979
1,1422,5217,1192,-4308,-1256,-2189,26,1270,-2093,-192,1253,684,652,-653,-600,11979
1,1440,5731,1441,-4534,-1300,-2246,-7,1033,-2138,-153,1248,698,622,-648,-584,11978
1,1452,11978,5842,-9919,-5493,-1964,52,-22,-2149,-131,1211,702,611,-644,-579,11978
1,1479,5857,842,-5418,-1509,-2304,144,1648,-2162,-100,1200,713,599,-649,-574,11978
1,1497,5529,1230,-3677,-246,-2151,202,-465,-2182,-57,1103,720,592,-652,-570,11978
1,1509,11977,4006,-10675,-5057,-1898,144,1131,-2180,-30,1077,723,579,-650,-561,11977
1,1536,5154,679,-3899,-235,-2126,297,838,-2177,3,1090,724,576,-650,-558,11977
1,1554,5991,467,-5957,-1570,-2352,212,1969,-2211,58,1176,744,551,-665,-548,11977
1,1572,6226,824,-5057,-695,-2285,362,936,-2235,112,1189,745,546,-665,-544,11977
1,1590,6213,1100,-4252,-86,-2222,403,214,-2247,157,1144,747,538,-669,-535,11976
1,1602,5008,151,-4214,-130,-2135,331,1165,-2248,182,1134,747,538,-669,-535,11976
1,1629,9161,1111,-8219,-1819,-2646,728,1183,-2268,225,1155,758,497,-673,-509,11976
1,1647,3057,-375,-1388,1865,-1758,385,222,-2226,260,1112,755,478,-669,-496,11976
1,1659,3120,-262,-1437,1736,-1758,385,222,-2189,275,1079,752,452,-665,-465,11975
1,1686,10207,1489,-8807,-1909,-2798,494,788,-2201,298,1069,746,408,-660,-406,11975
1,1704,4979,-340,-4390,212,-2057,630,1243,-2191,363,1118,740,374,-650,-361,11975
1,1716,5826,-285,-4743,580,-2126,665,774,-2176,404,1136,739,365,-651,-350,11975
1,1743,5790,-179,-4695,476,-2126,665,774,-2165,440,1139,741,318,-650,-294,11975
1,1761,5834,-160,-4657,541,-2115,710,689,-2143,496,1140,742,292,-651,-269,11974
1,1779,3231,-998,-2452,1519,-1713,777,916,-2079,555,1158,744,272,-652,-246,11974
1,1797,3280,-788,-2474,1296,-1713,777,916,-2017,608,1177,745,252,-652,-225,11974
1,1818,1057,-1436,-834,1765,-1362,828,1354,-1918,671,1230,745,230,-651,-199,11973
1,1836,1169,-1211,-912,1520,-1362,828,1354,-1837,719,1277,742,203,-647,-175,11973
1,1854,11611,-197,-10746,-802,-2672,1466,938,-1907,831,1299,740,199,-647,-171,11973
1,1875,4771,-719,-3579,1405,-1724,1186,514,-1898,916,1279,743,163,-661,-139,11972
1,1894,4934,-1232,-4726,822,-1735,1343,1359,-1860,993,1319,745,146,-672,-124,11972
