function Xp=ssl_robot(t,X)
global flag
global T;
% data from real robot :id,u0,u1,u2,u3,time(ms),Vy_setpoint,Vy_real
global real_setpiont;
real_setpiont=[1,7,0,0,0,0,0,0,0,0,0,0,0,0,0,0,11998
1,20,-1851,-1966,1267,1955,-4,0,111,2,31,57,0,0,0,0,11998
1,36,-1909,-2019,1307,2006,-21,6,96,1,45,68,0,0,0,0,11997
1,52,-2458,-2584,680,1384,-10,2,-357,12,-69,-179,0,0,0,0,11997
1,71,-2513,-2646,585,1290,1,-3,-119,28,-2,-86,0,0,0,0,11996
1,87,-1800,-1921,1333,2030,0,-8,297,35,175,270,0,0,0,0,11996
1,106,-1810,-1920,1309,1991,3,0,238,40,108,147,0,0,0,0,11995
1,122,-1810,-1920,1309,1991,3,0,238,42,111,165,0,0,0,0,11994
1,138,-1862,-1965,1280,1959,5,-2,114,43,52,57,0,0,0,0,11994
1,157,-1830,-1926,1295,1961,0,0,181,42,94,141,0,0,0,0,11993
1,173,-1873,-1962,1275,1937,-4,0,84,38,44,43,0,0,0,0,11993
1,189,-2151,-2268,1046,1750,-18,-5,-1411,15,-629,-1304,0,0,0,0,11992
1,208,-2170,-2355,1023,1806,-33,-2,-1368,4,-467,-1016,0,0,0,0,11992
1,224,-2215,-2477,1043,1929,-59,-21,-1367,-14,-489,-1053,0,0,0,0,11991
1,243,-2494,-2768,675,1559,-48,-4,-349,0,-10,-147,0,0,0,0,11991
1,259,-2366,-2650,628,1492,-17,-4,-451,20,-114,-375,0,0,0,0,11990
1,277,-2409,-2720,584,1480,-24,0,-325,18,-52,-272,0,0,0,0,11990
1,293,-2467,-2781,479,1370,-16,0,-64,26,63,-53,0,0,0,0,11989
1,309,-2449,-2772,518,1424,-22,-3,-159,21,4,-175,0,0,0,0,11989
1,328,-1666,-1959,1301,2171,-15,-3,510,31,307,449,0,0,0,0,11988
1,344,-2492,-2788,487,1363,-17,-1,-37,26,9,-131,3,3,3,3,11988
1,363,-2406,-2706,520,1390,-9,1,-214,31,-23,-218,-2,9,5,7,11987
1,379,-1766,-2063,1131,1993,-4,0,59,37,105,50,-11,10,4,6,11987
1,395,-1778,-2072,1165,2032,-11,0,99,33,96,60,-15,7,4,8,11986
1,414,-1759,-2044,1168,2022,-6,1,128,36,93,79,-15,2,6,10,11985
1,430,-2064,-2398,792,1692,4,-1,-1174,33,-501,-1104,-20,-7,7,13,11985
1,449,-1694,-2014,1207,2098,4,-8,299,46,70,53,-22,-13,9,16,11984
1,465,-2398,-2739,542,1464,20,7,-277,54,-114,-345,-28,-21,10,19,11984
1,484,-2386,-2747,556,1503,26,2,-327,61,-58,-258,-32,-27,9,21,11983
1,500,-1775,-2128,1210,2154,32,4,201,71,174,206,-34,-35,8,22,11983
1,517,-2267,-2663,719,1714,40,12,-784,71,-303,-756,-42,-40,7,24,11983
1,535,-2119,-2591,863,1947,56,18,-1265,81,-432,-1041,-50,-53,8,31,11982
1,554,-2093,-2719,864,2124,81,42,-1355,102,-405,-1039,-52,-59,10,33,11981
1,573,-1953,-2508,1076,2265,81,34,1208,125,387,567,-63,-72,11,39,11981
1,589,-1906,-2597,1124,2475,111,48,-2086,123,-969,-2152,-66,-72,10,40,11981
1,608,-2065,-2873,884,2358,121,61,-1492,141,-373,-998,-71,-88,13,48,11980
1,626,-2365,-3201,574,2078,123,67,-549,153,-149,-587,-75,-96,11,53,11980
1,645,-2179,-3084,703,2279,131,66,-1054,158,-230,-765,-78,-105,10,55,11979
1,661,-2229,-3222,679,2364,154,80,-975,178,-209,-758,-80,-112,9,58,11978
1,680,-2188,-3256,664,2427,157,93,-1031,184,-233,-836,-88,-122,10,60,11978
1,699,-1859,-3096,912,2858,182,107,-1975,199,-511,-1420,-91,-134,9,65,11977
1,717,-2446,-3689,315,2267,178,115,-131,212,20,-385,-94,-144,10,69,11977
1,734,-1701,-3143,955,3123,206,134,-2342,217,-866,-2189,-98,-152,9,73,11976
1,752,-1589,-3152,804,3068,192,132,-2282,212,-628,-1713,-100,-158,10,77,11975
1,771,-1495,-3366,650,3232,207,180,-2255,225,-613,-1759,-102,-166,9,84,11975
1,790,-1676,-3679,393,3117,223,199,-1606,244,-381,-1342,-101,-172,8,88,11974
1,806,-1317,-3492,513,3397,232,202,-2375,247,-690,-1975,-105,-181,7,98,11974
1,825,-1142,-3532,412,3501,235,224,-2678,249,-734,-2104,-106,-186,9,102,11973
1,843,-1337,-3958,0,3321,256,249,-1619,274,-355,-1403,-107,-195,7,113,11973
1,862,-1858,-4527,-512,2867,276,250,-28,304,230,-267,-106,-201,7,120,11972
1,878,-918,-3740,135,3644,272,254,-2690,283,-891,-2524,-108,-211,8,126,11971
1,897,-918,-3740,135,3644,272,254,-2690,285,-645,-2033,-111,-219,7,135,11971
1,908,-1225,-4268,-298,3447,302,289,-1410,314,26,-742,-111,-220,7,138,11971
1,934,-775,-4010,-157,3758,308,298,-2348,318,-260,-1341,-112,-222,6,141,11970
1,952,-1075,-4535,-639,3510,329,334,-1180,344,-126,-1150,-113,-231,5,150,11970
1,969,-997,-4566,-720,3529,340,336,-1188,355,-36,-995,-112,-237,5,158,11969
1,987,-748,-4493,-673,3747,346,364,-1679,358,-212,-1403,-110,-250,-3,175,11969
1,1006,-917,-4812,-983,3588,362,384,-961,379,80,-869,-112,-255,-5,180,11968
1,1022,-754,-4777,-1008,3681,375,391,-1191,388,20,-1013,-111,-262,-11,184,11968
1,1041,-319,-4663,-1051,3931,385,430,-1838,393,-210,-1544,-110,-269,-15,190,11967
1,1060,-422,-4921,-1364,3764,401,441,-1211,412,143,-874,-106,-281,-23,199,11967
1,1079,-263,-4961,-1441,3879,410,473,-1370,419,42,-1139,-103,-291,-29,207,11966
1,1098,-263,-4961,-1441,3879,410,473,-1370,421,71,-1099,-102,-300,-39,211,11966
1,1114,480,-4546,-1403,4179,393,511,-2608,399,-460,-2221,-97,-310,-42,217,11965
1,1132,-138,-5212,-2132,3486,395,513,-490,416,615,-97,-90,-317,-52,222,11965
1,1151,-138,-5212,-2132,3486,395,513,-490,414,429,-490,-85,-328,-61,227,11964
1,1170,448,-4930,-1881,4036,442,542,-1848,439,50,-1299,-81,-341,-69,231,11964
1,1186,511,-4970,-2104,3884,427,558,-1591,432,112,-1206,-77,-349,-76,238,11963
1,1205,878,-4660,-2170,3809,380,563,-2012,393,-109,-1661,-76,-350,-82,242,11963
1,1223,1043,-5449,-2907,4036,486,722,-1310,473,376,-944,-70,-354,-91,243,11962
1,1242,1043,-5449,-2907,4036,486,722,-1310,479,332,-1080,-59,-361,-107,246,11962
1,1253,1441,-5228,-3187,3844,445,748,-1450,454,289,-1215,-56,-365,-113,247,11961
1,1278,1845,-4973,-3395,3702,400,775,-3489,414,-23,-1890,-49,-370,-127,250,11961
1,1300,1720,-5118,-3704,3384,391,775,-1011,404,409,-1075,-46,-370,-139,255,11961
1,1311,2360,-4625,-3685,3467,363,798,-1995,376,-4,-1936,-46,-370,-139,255,11960
1,1336,2752,-4365,-3747,3479,336,826,-2483,351,56,-1856,-44,-378,-171,251,11960
1,1355,2807,-4353,-4031,3187,322,832,-2090,327,141,-1715,-43,-381,-179,252,11959
1,1366,3414,-3887,-4259,2977,270,869,-2874,283,-220,-2489,-40,-385,-191,251,11959
1,1391,3414,-3887,-4259,2977,270,869,-2874,271,-127,-2318,-11,-385,-217,246,11959
1,1412,3581,-3665,-4385,2734,240,864,-2423,240,44,-1972,9,-386,-239,237,11958
1,1428,3802,-3511,-4579,2545,212,884,-2654,208,-19,-2132,26,-383,-252,235,11958
1,1447,4053,-3316,-4796,2311,183,908,-2894,175,-82,-2300,55,-380,-272,225,11957
1,1465,4700,-2638,-4633,2351,132,922,-3776,120,-454,-3061,86,-374,-289,219,11957
1,1484,4687,-2629,-5238,1616,70,945,-2716,70,116,-1957,107,-366,-300,210,11956
1,1503,4903,-2310,-5292,1392,33,943,-2889,26,-61,-2316,122,-359,-317,200,11955
1,1521,5148,-2044,-5456,1131,-1,962,-2945,-12,-44,-2313,139,-354,-334,193,11955
1,1540,5302,-1856,-5659,826,-39,980,-2802,-52,17,-2219,158,-344,-349,183,11954
1,1559,5559,-1471,-5510,804,-61,971,-1825,-72,461,-1312,179,-335,-361,172,11954
1,1577,5654,-998,-5575,266,-136,939,-1932,-142,308,-1544,194,-323,-374,161,11953
1,1588,5978,-842,-5945,-27,-187,1007,-3146,-192,-281,-2796,206,-312,-381,147,11953
1,1614,6245,-495,-5812,-12,-214,1009,-1477,-211,142,-1969,226,-297,-396,126,11953
1,1635,6245,-495,-5812,-12,-214,1009,-1477,-228,491,-1250,244,-283,-405,110,11952
1,1646,6376,-121,-5976,-514,-292,1005,-1657,-285,415,-1387,253,-275,-408,102,11952
1,1671,6323,61,-5971,-778,-327,976,-1805,-321,395,-1385,272,-253,-426,87,11951
1,1690,6731,317,-6089,-809,-388,1025,-1382,-384,588,-1040,290,-233,-436,74,11951
1,1709,6445,265,-6433,-1438,-444,1003,-2452,-451,200,-1789,307,-209,-445,58,11950
1,1727,6964,898,-5852,-981,-472,980,-768,-473,873,-391,321,-188,-451,39,11950
1,1746,6932,1201,-6025,-1573,-576,943,-1225,-566,483,-1074,338,-163,-458,23,11949
1,1765,7157,1286,-6379,-1865,-658,981,-1467,-647,482,-1111,350,-148,-464,6,11949
1,1784,7229,1530,-6221,-1894,-679,955,-1154,-677,534,-954,366,-128,-472,-10,11948
1,1803,7204,1675,-6147,-2004,-698,928,-1122,-704,543,-876,386,-108,-485,-25,11947
1,1822,7377,1992,-6177,-2238,-769,914,-979,-765,582,-753,398,-92,-494,-34,11947
1,1840,7494,2125,-6252,-2367,-826,903,-949,-820,566,-745,424,-63,-512,-55,11946
1,1859,7760,2390,-6131,-2269,-854,906,-367,-850,740,-371,436,-48,-518,-64,11946
1,1872,7760,2390,-6131,-2269,-854,906,-367,-858,773,-283,449,-26,-527,-76,11945
